{
  "nbformat": 4,
  "nbformat_minor": 0,
  "metadata": {
    "colab": {
      "provenance": []
    },
    "kernelspec": {
      "name": "python3",
      "display_name": "Python 3"
    },
    "language_info": {
      "name": "python"
    }
  },
  "cells": [
    {
      "cell_type": "code",
      "execution_count": 1,
      "metadata": {
        "colab": {
          "base_uri": "https://localhost:8080/"
        },
        "id": "jIGc2E9jCToF",
        "outputId": "9a39d0d1-35ef-46b4-beb9-7613c1f4cd1e"
      },
      "outputs": [
        {
          "output_type": "stream",
          "name": "stdout",
          "text": [
            "Matrix A:\n",
            " [[7 1 9]\n",
            " [1 8 9]\n",
            " [1 8 5]]\n",
            "Matrix B:\n",
            " [[7 8 5]\n",
            " [7 2 3]\n",
            " [6 2 3]]\n",
            "\n",
            "Sum of A and B:\n",
            " [[14  9 14]\n",
            " [ 8 10 12]\n",
            " [ 7 10  8]]\n",
            "\n",
            "Difference of A and B (A - B):\n",
            " [[ 0 -7  4]\n",
            " [-6  6  6]\n",
            " [-5  6  2]]\n",
            "\n",
            "Matrix multiplication of A and B:\n",
            " [[110  76  65]\n",
            " [117  42  56]\n",
            " [ 93  34  44]]\n",
            "\n",
            "Hadamard Product (element-wise multiplication of A and B):\n",
            " [[49  8 45]\n",
            " [ 7 16 27]\n",
            " [ 6 16 15]]\n",
            "\n",
            "Determinant of A:\n",
            " -220.00000000000009\n",
            "\n",
            "Inverse of A:\n",
            " [[ 0.14545455 -0.30454545  0.28636364]\n",
            " [-0.01818182 -0.11818182  0.24545455]\n",
            " [-0.          0.25       -0.25      ]]\n",
            "\n",
            "Transpose of A:\n",
            " [[7 1 1]\n",
            " [1 8 8]\n",
            " [9 9 5]]\n",
            "\n",
            "Moore-Penrose Pseudo-inverse of A:\n",
            " [[ 1.45454545e-01 -3.04545455e-01  2.86363636e-01]\n",
            " [-1.81818182e-02 -1.18181818e-01  2.45454545e-01]\n",
            " [ 4.71841798e-17  2.50000000e-01 -2.50000000e-01]]\n",
            "\n",
            "Frobenius norm of A:\n",
            " 19.157244060668017\n"
          ]
        }
      ],
      "source": [
        "import numpy as np\n",
        "\n",
        "A = np.random.randint(1, 10, (3, 3))\n",
        "B = np.random.randint(1, 10, (3, 3))\n",
        "\n",
        "print(\"Matrix A:\\n\", A)\n",
        "print(\"Matrix B:\\n\", B)\n",
        "\n",
        "sum_AB = A + B\n",
        "print(\"\\nSum of A and B:\\n\", sum_AB)\n",
        "\n",
        "diff_AB = A - B\n",
        "print(\"\\nDifference of A and B (A - B):\\n\", diff_AB)\n",
        "\n",
        "prod_AB = np.dot(A, B)\n",
        "print(\"\\nMatrix multiplication of A and B:\\n\", prod_AB)\n",
        "\n",
        "hadamard_AB = A * B\n",
        "print(\"\\nHadamard Product (element-wise multiplication of A and B):\\n\", hadamard_AB)\n",
        "\n",
        "det_A = np.linalg.det(A)\n",
        "print(\"\\nDeterminant of A:\\n\", det_A)\n",
        "\n",
        "try:\n",
        "    inv_A = np.linalg.inv(A)\n",
        "    print(\"\\nInverse of A:\\n\", inv_A)\n",
        "except np.linalg.LinAlgError:\n",
        "    print(\"\\nMatrix A is singular and does not have an inverse.\")\n",
        "\n",
        "transpose_A = np.transpose(A)\n",
        "print(\"\\nTranspose of A:\\n\", transpose_A)\n",
        "\n",
        "pseudo_inv_A = np.linalg.pinv(A)\n",
        "print(\"\\nMoore-Penrose Pseudo-inverse of A:\\n\", pseudo_inv_A)\n",
        "\n",
        "frobenius_A = np.linalg.norm(A, 'fro')\n",
        "print(\"\\nFrobenius norm of A:\\n\", frobenius_A)\n"
      ]
    },
    {
      "cell_type": "code",
      "source": [
        "L1_norm_A = np.linalg.norm(A, ord=1, axis=1)\n",
        "L2_norm_A = np.linalg.norm(A, ord=2, axis=1)\n",
        "\n",
        "print(\"\\nL1 norm of each row in A:\\n\", L1_norm_A)\n",
        "print(\"\\nL2 norm of each row in A:\\n\", L2_norm_A)\n",
        "\n",
        "submatrix_A = A[:2, :2]\n",
        "print(\"\\nTop-left 2x2 submatrix of A:\\n\", submatrix_A)\n",
        "\n",
        "alpha = 2\n",
        "A_alpha = A * alpha\n",
        "print(\"\\nMatrix A scaled by alpha = 2:\\n\", A_alpha)\n",
        "\n",
        "symmetric_A = np.dot(A.T, A)\n",
        "print(\"\\nSymmetric matrix A^T * A:\\n\", symmetric_A)\n",
        "\n",
        "trace_A = np.trace(A)\n",
        "print(\"\\nTrace of A (sum of diagonal elements):\\n\", trace_A)\n",
        "\n",
        "eigenvalues_A, eigenvectors_A = np.linalg.eig(A)\n",
        "print(\"\\nEigenvalues of A:\\n\", eigenvalues_A)\n",
        "print(\"\\nEigenvectors of A:\\n\", eigenvectors_A)\n",
        "\n",
        "rank_A = np.linalg.matrix_rank(A)\n",
        "is_full_rank_A = rank_A == A.shape[0]\n",
        "print(\"\\nIs A full rank? (True if full rank):\\n\", is_full_rank_A)\n",
        "\n",
        "C = np.ones((3, 3))\n",
        "sum_C_A = A + C\n",
        "print(\"\\nMatrix A after adding matrix C (all 1's matrix):\\n\", sum_C_A)\n",
        "\n",
        "random_vector = np.random.randint(1, 10, 3)\n",
        "diagonal_matrix = np.diag(random_vector)\n",
        "print(\"\\nDiagonal matrix from random vector:\\n\", diagonal_matrix)\n",
        "\n",
        "is_orthogonal_A = np.allclose(np.dot(A, A.T), np.eye(A.shape[0]))\n",
        "print(\"\\nIs matrix A orthogonal? (True if orthogonal):\\n\", is_orthogonal_A)\n",
        "\n",
        "D = np.random.randint(1, 10, (4, 4))\n",
        "print(\"\\nMatrix D (4x4 random matrix):\\n\", D)\n",
        "\n",
        "try:\n",
        "    D_inv = np.linalg.inv(D)\n",
        "    print(\"\\nInverse of D:\\n\", D_inv)\n",
        "except np.linalg.LinAlgError:\n",
        "    print(\"\\nMatrix D is singular and does not have an inverse.\")\n",
        "\n",
        "if np.linalg.det(D) != 0:\n",
        "    product_D_Dinv = np.dot(D, D_inv)\n",
        "    print(\"\\nD * D^-1 (Should be identity matrix):\\n\", product_D_Dinv)\n",
        "else:\n",
        "    print(\"\\nCannot compute D * D^-1 because D is singular.\")\n",
        "\n",
        "B_calc = np.dot(np.dot(A.T, B), A)\n",
        "det_D = np.linalg.det(D)\n",
        "print(\"\\nMatrix B = A^T * B * A:\\n\", B_calc)\n",
        "print(\"\\nDeterminant of D:\\n\", det_D)\n",
        "\n",
        "try:\n",
        "    D_inv_check = np.linalg.inv(D)\n",
        "    print(\"\\nInverse of D (calculated again):\\n\", D_inv_check)\n",
        "except np.linalg.LinAlgError:\n",
        "    print(\"\\nD is still singular and cannot be inverted.\")\n",
        "\n",
        "identity_D = np.eye(4)\n",
        "sum_D_I = D + identity_D\n",
        "print(\"\\nSum of D and identity matrix of size 4:\\n\", sum_D_I)\n",
        "\n",
        "F = np.diag(np.random.randint(1, 10, 3))\n",
        "print(\"\\nMatrix F (random 3x3 diagonal matrix):\\n\", F)\n",
        "\n",
        "is_diagonal_F = np.all(F == np.diag(np.diag(F)))\n",
        "print(\"\\nIs F diagonal? (True if diagonal):\\n\", is_diagonal_F)\n",
        "\n",
        "F_mult_I = np.dot(F, np.eye(3))\n",
        "print(\"\\nF * I (should be equal to F):\\n\", F_mult_I)\n",
        "\n",
        "trace_F = np.trace(F)\n",
        "print(\"\\nTrace of F:\\n\", trace_F)\n"
      ],
      "metadata": {
        "colab": {
          "base_uri": "https://localhost:8080/"
        },
        "id": "NMjqoVfOCaTd",
        "outputId": "5cd643a1-1ece-4d27-afbd-f1485e2b48eb"
      },
      "execution_count": 2,
      "outputs": [
        {
          "output_type": "stream",
          "name": "stdout",
          "text": [
            "\n",
            "L1 norm of each row in A:\n",
            " [17. 18. 14.]\n",
            "\n",
            "L2 norm of each row in A:\n",
            " [11.44552314 12.08304597  9.48683298]\n",
            "\n",
            "Top-left 2x2 submatrix of A:\n",
            " [[7 1]\n",
            " [1 8]]\n",
            "\n",
            "Matrix A scaled by alpha = 2:\n",
            " [[14  2 18]\n",
            " [ 2 16 18]\n",
            " [ 2 16 10]]\n",
            "\n",
            "Symmetric matrix A^T * A:\n",
            " [[ 51  23  77]\n",
            " [ 23 129 121]\n",
            " [ 77 121 187]]\n",
            "\n",
            "Trace of A (sum of diagonal elements):\n",
            " 20\n",
            "\n",
            "Eigenvalues of A:\n",
            " [16.11103626  6.12015494 -2.2311912 ]\n",
            "\n",
            "Eigenvectors of A:\n",
            " [[ 0.57525091  0.9875031  -0.57164616]\n",
            " [ 0.63838872 -0.13485713 -0.50972066]\n",
            " [ 0.51141591 -0.08155473  0.64296619]]\n",
            "\n",
            "Is A full rank? (True if full rank):\n",
            " True\n",
            "\n",
            "Matrix A after adding matrix C (all 1's matrix):\n",
            " [[ 8.  2. 10.]\n",
            " [ 2.  9. 10.]\n",
            " [ 2.  9.  6.]]\n",
            "\n",
            "Diagonal matrix from random vector:\n",
            " [[1 0 0]\n",
            " [0 4 0]\n",
            " [0 0 9]]\n",
            "\n",
            "Is matrix A orthogonal? (True if orthogonal):\n",
            " False\n",
            "\n",
            "Matrix D (4x4 random matrix):\n",
            " [[6 8 2 6]\n",
            " [8 6 7 3]\n",
            " [5 8 5 5]\n",
            " [5 9 1 9]]\n",
            "\n",
            "Inverse of D:\n",
            " [[ 0.23809524  0.17460317 -0.33333333 -0.03174603]\n",
            " [ 0.47619048 -0.31746032  0.33333333 -0.3968254 ]\n",
            " [-0.44047619  0.12698413  0.16666667  0.15873016]\n",
            " [-0.55952381  0.20634921 -0.16666667  0.50793651]]\n",
            "\n",
            "D * D^-1 (Should be identity matrix):\n",
            " [[ 1.00000000e+00  1.11022302e-16  0.00000000e+00  2.22044605e-16]\n",
            " [-5.55111512e-16  1.00000000e+00  2.22044605e-16 -3.33066907e-16]\n",
            " [-5.55111512e-16  5.55111512e-17  1.00000000e+00  3.33066907e-16]\n",
            " [-9.99200722e-16  2.77555756e-16  1.11022302e-16  1.00000000e+00]]\n",
            "\n",
            "Matrix B = A^T * B * A:\n",
            " [[ 535  870 1303]\n",
            " [ 870  855 1624]\n",
            " [1279 1652 2739]]\n",
            "\n",
            "Determinant of D:\n",
            " -252.00000000000003\n",
            "\n",
            "Inverse of D (calculated again):\n",
            " [[ 0.23809524  0.17460317 -0.33333333 -0.03174603]\n",
            " [ 0.47619048 -0.31746032  0.33333333 -0.3968254 ]\n",
            " [-0.44047619  0.12698413  0.16666667  0.15873016]\n",
            " [-0.55952381  0.20634921 -0.16666667  0.50793651]]\n",
            "\n",
            "Sum of D and identity matrix of size 4:\n",
            " [[ 7.  8.  2.  6.]\n",
            " [ 8.  7.  7.  3.]\n",
            " [ 5.  8.  6.  5.]\n",
            " [ 5.  9.  1. 10.]]\n",
            "\n",
            "Matrix F (random 3x3 diagonal matrix):\n",
            " [[4 0 0]\n",
            " [0 2 0]\n",
            " [0 0 9]]\n",
            "\n",
            "Is F diagonal? (True if diagonal):\n",
            " True\n",
            "\n",
            "F * I (should be equal to F):\n",
            " [[4. 0. 0.]\n",
            " [0. 2. 0.]\n",
            " [0. 0. 9.]]\n",
            "\n",
            "Trace of F:\n",
            " 15\n"
          ]
        }
      ]
    },
    {
      "cell_type": "code",
      "source": [
        "import numpy as np\n",
        "\n",
        "def solve_system_inverse(A, B):\n",
        "    try:\n",
        "        A_inv = np.linalg.inv(A)\n",
        "        solution = A_inv.dot(B)\n",
        "        return solution\n",
        "    except np.linalg.LinAlgError:\n",
        "        return \"Matrix is singular and cannot be inverted.\"\n",
        "\n",
        "def solve_system_gauss(A, B):\n",
        "    try:\n",
        "        solution = np.linalg.solve(A, B)\n",
        "        return solution\n",
        "    except np.linalg.LinAlgError:\n",
        "        return \"No unique solution exists.\"\n",
        "\n",
        "def check_solution_exists(A, B):\n",
        "    try:\n",
        "        solution = np.linalg.solve(A, B)\n",
        "        return solution\n",
        "    except np.linalg.LinAlgError:\n",
        "        return \"No solution exists or the system has infinite solutions.\"\n",
        "\n",
        "def main():\n",
        "    print(\"Bài 1: Giải hệ phương trình bằng phương pháp ma trận nghịch đảo\")\n",
        "    A1 = np.array([[2, 3, 1], [4, 1, 5], [3, 2, 4]])\n",
        "    B1 = np.array([1, 2, 3])\n",
        "    solution1 = solve_system_inverse(A1, B1)\n",
        "    print(\"Nghiệm của hệ phương trình là:\", solution1)\n",
        "\n",
        "    print(\"\\nBài 2: Giải hệ phương trình bằng phương pháp khử Gauss\")\n",
        "    A2 = np.array([[1, 2, 3], [2, 3, 1], [3, 1, 2]])\n",
        "    B2 = np.array([7, 4, 5])\n",
        "    solution2 = solve_system_gauss(A2, B2)\n",
        "    print(\"Nghiệm của hệ phương trình là:\", solution2)\n",
        "\n",
        "    print(\"\\nBài 3: Giải hệ phương trình với ma trận A và vector B đã cho\")\n",
        "    A3 = np.array([[1, 1, 1], [2, 3, 5], [4, 0, 5]])\n",
        "    B3 = np.array([6, -4, 27])\n",
        "    solution3 = solve_system_gauss(A3, B3)\n",
        "    print(\"Nghiệm của hệ phương trình là:\", solution3)\n",
        "\n",
        "    print(\"\\nBài 4: Xác định xem hệ phương trình có nghiệm hay không\")\n",
        "    A4 = np.array([[2, -3, 1], [4, -6, 2], [-1, 3, -1]])\n",
        "    B4 = np.array([5, 10, -3])\n",
        "    solution4 = check_solution_exists(A4, B4)\n",
        "    print(\"Kết quả:\", solution4)\n",
        "\n",
        "    print(\"\\nBài 5: Giải hệ phương trình không đồng nhất\")\n",
        "    A5 = np.array([[2, -1, 0], [-1, 2, -1], [0, -1, 2]])\n",
        "    B5 = np.array([1, 0, 1])\n",
        "    solution5 = solve_system_gauss(A5, B5)\n",
        "    print(\"Nghiệm của hệ phương trình là:\", solution5)\n",
        "\n",
        "if __name__ == \"__main__\":\n",
        "    main()\n"
      ],
      "metadata": {
        "colab": {
          "base_uri": "https://localhost:8080/"
        },
        "id": "YdFuiJ1CFAvp",
        "outputId": "6747eb08-21ef-4341-9549-e2bdfbaf8529"
      },
      "execution_count": 3,
      "outputs": [
        {
          "output_type": "stream",
          "name": "stdout",
          "text": [
            "Bài 1: Giải hệ phương trình bằng phương pháp ma trận nghịch đảo\n",
            "Nghiệm của hệ phương trình là: [-1.6  0.9  1.5]\n",
            "\n",
            "Bài 2: Giải hệ phương trình bằng phương pháp khử Gauss\n",
            "Nghiệm của hệ phương trình là: [0.22222222 0.55555556 1.88888889]\n",
            "\n",
            "Bài 3: Giải hệ phương trình với ma trận A và vector B đã cho\n",
            "Nghiệm của hệ phương trình là: [12.61538462 -1.92307692 -4.69230769]\n",
            "\n",
            "Bài 4: Xác định xem hệ phương trình có nghiệm hay không\n",
            "Kết quả: No solution exists or the system has infinite solutions.\n",
            "\n",
            "Bài 5: Giải hệ phương trình không đồng nhất\n",
            "Nghiệm của hệ phương trình là: [1. 1. 1.]\n"
          ]
        }
      ]
    }
  ]
}